2.543 2.456 2.789 -10.123 15.456 -6.789 -432.123 567.321 -876.654
3.987 3.654 3.789 12.333 7.111 -0.222 -111.123 222.333 333.444
2.345 2.987 2.543 -5.123 1.456 6.789 1.456 -7.987 3.111
2.765 2.890 2.543 7.987 4.765 3.321 -8.222 12.444 13.555
2.543 2.456 2.789 -1.123 -8.456 18.789 7.123 -13.789 17.432
2.789 2.765 2.543 11.543 9.987 -11.765 -12.333 1.555 -10.666
2.543 2.456 2.789 0.123 7.456 -8.789 17.321 -9.987 -13.111
2.543 2.543 2.543 11.987 -10.987 8.654 -11.444 2.666 13.777
2.654 2.543 2.765 11.123 13.456 3.789 -2.987 7.432 -2.876
3.654 3.543 3.765 11.111 12.123 2.333 -7.654 7.432 -12.321
4.789 4.654 4.321 8.123 -5.456 6.789 -321.123 432.321 -543.654
2.987 2.654 2.123 -11.333 9.111 0.222 100.123 -211.333 322.444
5.345 5.987 5.543 2.123 3.456 -1.789 6.456 -4.987 8.111
4.765 4.890 4.543 -6.987 -4.765 3.321 8.222 -14.444 -15.555
6.543 6.456 6.789 -1.123 -18.456 8.789 12.123 -7.789 13.432
7.789 7.765 7.543 -9.543 -11.987 12.765 -3.333 4.555 -6.666
8.543 8.456 8.789 10.123 17.456 -16.789 -17.321 19.987 -23.111
7.543 7.543 7.543 -11.987 13.987 -18.654 21.444 -12.666 13.777
9.654 9.543 9.765 -11.123 3.456 -3.789 2.987 -7.432 -2.876
8.654 8.543 8.765 -11.111 -2.123 -2.333 7.654 -7.432 -12.321
1.0 1.0 1.0 -18.0 18.0 -8.0 -10.0 10.0 -12.0
1.0 1.0 1.0 15.0 -15.0 5.0 -15.0 15.0 -5.0
1.0 1.0 1.0 18.0 -18.0 8.0 -20.0 20.0 -22.0
1.0 1.0 1.0 -15.0 15.0 -5.0 15.0 -15.0 5.0
1.0 1.0 1.0 0.0 0.0 10.0 -5.0 5.0 0.0
1.0 1.0 1.0 0.0 0.0 -10.0 5.0 -5.0 0.0
0.5 0.5 0.5 -5.0 5.0 -2.0 1.0 -3.0 0.0
0.5 0.5 0.5 4.0 -4.0 1.5 -3.0 2.0 -1.5
0.5 0.5 0.5 7.0 -7.0 3.0 -4.0 5.0 -5.0
0.5 0.5 0.5 -6.0 6.0 -2.5 6.0 -5.0 2.5
0.5 0.5 0.5 0.0 0.0 4.0 -2.0 2.5 0.0
0.5 0.5 0.5 0.0 0.0 -4.0 2.0 -2.5 0.0
0.6 0.6 0.6 -14.0 14.0 -6.0 -6.0 6.0 -8.0
0.6 0.6 0.6 12.0 -12.0 4.0 -12.0 12.0 -2.0
0.4 0.4 0.4 -12.0 12.0 -5.0 -4.0 4.0 -6.0
0.4 0.4 0.4 10.0 -10.0 3.0 -10.0 10.0 -1.0
0.2 0.2 0.2 -10.0 10.0 -4.0 -2.0 2.0 -4.0
0.2 0.2 0.2 8.0 -8.0 2.0 -8.0 8.0 0.02 2 2 0 0 0 0 0 0
3 3 3 2 2 2 0 0 0
2 2 2 1 1 1 45 60 30
3 3 3 -1 -1 -1 45 60 30
3 3 3 3 3 3 30 30 30
2.543 3.012 4.123 0.123 0.456 0.789 10.111 2.222 5.555
3.987 2.456 3.333 1.234 2.567 3.789 15.555 3.333 2.222
2.5412 2.1234 2.9876 0.1234 0.5678 0.9876 0.9876 0.1234 0.5678